P4-Weithed Tardiness Problem
Instance : /home/gaya/Documents/ROAD/weightedTardinessPB_progDynamique/data_ocsc/wt040/wt040_001.dat
Subgradient Basic: 0.0 Best x: [[1. 0. 0. ... 0. 0. 0.]
 [1. 0. 0. ... 0. 0. 0.]
 [1. 0. 0. ... 0. 0. 0.]
 ...
 [1. 0. 0. ... 0. 0. 0.]
 [1. 0. 0. ... 0. 0. 0.]
 [1. 0. 0. ... 0. 0. 0.]]
Time taken: 489.89338636398315
____________________________________________________________
Subgradient Polyak: 0.0 Best x: [[1. 0. 0. ... 0. 0. 0.]
 [1. 0. 0. ... 0. 0. 0.]
 [1. 0. 0. ... 0. 0. 0.]
 ...
 [1. 0. 0. ... 0. 0. 0.]
 [1. 0. 0. ... 0. 0. 0.]
 [1. 0. 0. ... 0. 0. 0.]]
Time taken: 460.9943175315857
____________________________________________________________
Subgradient ADS: 0.0 Best x: [[1. 0. 0. ... 0. 0. 0.]
 [1. 0. 0. ... 0. 0. 0.]
 [1. 0. 0. ... 0. 0. 0.]
 ...
 [1. 0. 0. ... 0. 0. 0.]
 [1. 0. 0. ... 0. 0. 0.]
 [1. 0. 0. ... 0. 0. 0.]]
Time taken: 347.2247066497803
____________________________________________________________
